375 740 375 200 -150 375 500 375
288 202 164 752 239 339 72 651
492 92 90 155 -45 359 379 506
285 519 663 344 -75 290 414 608
404 164 154 449 -176 383 512 509
330 104 530 609 81 296 70 641
256 781 131 106 69 358 447 574
344 524 433 226 -28 340 351 568
310 227 533 448 -131 673 458 312
383 470 334 127 104 345 274 683
430 838 314 366 220 307 353 502
603 624 374 135 15 410 445 613
543 459 285 106 -128 360 488 472
536 787 533 392 258 290 104 529
472 733 358 346 160 304 227 618
159 367 220 668 -74 443 318 644
165 423 371 835 -79 388 477 649
601 547 377 100 236 348 208 610
258 382 301 806 200 228 174 535
270 197 124 742 -84 397 312 607
501 278 126 507 -198 440 500 480
583 310 252 748 108 300 220 541
168 535 348 123 205 274 246 648
375 754 624 362 -11 391 386 638
523 583 607 106 -119 283 553 458
602 610 232 201 106 270 231 685
222 366 122 795 72 261 247 508
446 517 386 211 -28 309 350 514
370 763 370 311 -58 409 590 673
199 577 626 214 267 363 268 626
234 819 146 365 241 245 137 573
169 220 542 660 -19 368 449 618
372 174 614 625 -64 226 498 335
335 558 387 131 92 200 248 578
367 800 505 456 127 220 286 523
626 779 574 286 16 352 254 639
541 716 385 106 -162 252 506 312
287 400 422 748 247 377 151 513
245 561 547 217 215 391 161 678
429 822 559 388 -3 319 337 568
203 762 108 316 -89 451 581 445
198 111 657 583 234 266 179 676
496 462 200 139 123 203 147 625
660 676 137 366 43 381 405 607
553 502 249 146 -159 313 460 300
116 112 503 530 206 373 341 532
129 116 572 612 119 318 69 570
340 763 322 173 -32 402 379 548
320 220 186 630 -166 690 535 342
624 532 555 125 155 352 147 662
424 163 113 777 227 268 184 661
261 404 125 801 -79 387 357 583
437 296 331 661 -82 696 492 489
444 330 338 649 178 300 248 578
475 321 341 784 135 240 182 642
585 588 565 174 61 319 375 647
374 416 195 726 -92 278 573 246
600 811 123 155 249 321 217 638
237 329 127 751 289 292 258 543
380 735 630 236 10 398 344 513
313 624 235 233 -112 284 577 561
422 660 523 249 220 223 268 649
334 168 259 837 172 263 207 508
482 679 170 120 72 407 363 605
133 732 562 334 -58 480 500 500
295 561 247 240 286 200 89 676
442 820 488 479 261 306 91 593
558 781 120 339 -44 418 368 535
658 359 356 754 -92 581 547 377
633 464 246 831 230 289 127 659
474 141 113 466 230 310 52 506
273 664 366 114 -22 406 288 560
335 342 590 691 -79 360 584 661
361 582 355 191 213 293 259 660
186 648 459 285 242 384 191 580
561 748 570 332 -68 366 313 543
369 119 258 480 -62 381 577 248
145 130 501 645 230 311 110 535
336 295 448 648 109 238 290 621
611 672 587 353 36 339 423 571
168 626 534 321 -57 289 577 559
537 141 292 787 186 288 285 640
414 472 260 778 124 397 59 622
236 786 525 365 47 428 294 624
335 777 599 157 -131 513 586 642
138 266 529 780 186 388 127 503
176 150 514 629 164 286 261 685
592 571 587 114 46 397 325 561
496 794 372 402 -153 234 522 559
153 118 453 605 212 376 113 658
602 110 493 831 228 266 128 668
115 289 422 662 55 407 334 532
127 596 612 284 -113 252 506 507
501 328 358 644 198 335 241 632
641 465 197 810 52 243 61 547
513 516 350 148 -66 429 270 511
217 280 478 696 -112 411 501 542
459 285 410 748 116 238 299 536
117 763 331 432 232 301 278 680
415 675 660 305 -19 337 386 641
